1000 3000 155 324
0 219
0 363
0 583
0 602
0 766
1 139
1 209
1 360
1 451
1 615
1 627
1 836
2 292
2 383
2 449
2 501
2 957
3 127
3 132
4 93
4 781
4 852
5 217
5 445
5 498
5 700
5 724
5 732
5 764
5 765
5 819
5 980
6 22
6 46
6 219
6 818
6 899
6 906
7 164
7 229
7 236
7 300
7 313
7 394
7 446
7 520
7 686
8 76
8 563
8 682
9 50
9 116
9 287
9 345
9 716
10 114
10 293
10 305
10 420
10 502
10 566
10 824
10 878
11 178
11 434
11 477
11 641
11 955
12 138
12 532
12 641
12 869
12 991
13 46
13 61
13 93
13 221
13 260
13 706
14 24
14 116
14 319
14 520
14 647
14 697
14 829
15 691
15 755
15 775
16 132
16 259
16 725
16 763
16 947
17 34
17 95
17 392
17 419
17 448
17 604
18 433
18 482
18 515
18 610
18 706
18 740
18 798
19 163
19 303
19 369
19 543
20 215
20 505
20 554
20 569
20 752
21 274
21 417
21 640
21 682
21 769
21 807
22 49
22 740
22 996
23 114
23 144
23 188
23 206
23 309
23 397
23 433
23 778
23 830
23 944
24 268
24 653
24 704
24 969
25 203
25 568
25 754
25 888
25 987
26 280
26 300
26 642
26 895
26 990
27 149
27 271
27 602
27 782
27 821
27 825
28 182
28 277
28 516
28 661
28 680
28 699
28 979
29 114
29 389
29 609
29 974
30 138
30 374
30 708
30 737
30 738
30 898
31 186
31 412
31 421
31 450
31 896
32 160
32 174
32 177
32 298
32 683
32 687
33 111
33 558
33 790
33 906
33 998
34 300
34 430
34 440
34 479
34 757
34 846
35 74
35 265
35 385
35 524
35 606
35 618
35 703
35 705
35 710
35 883
35 891
36 79
36 202
36 549
36 758
36 807
36 836
36 892
37 365
37 454
37 738
37 969
38 453
38 570
38 866
38 993
39 325
39 494
39 629
40 233
40 252
40 447
40 492
40 654
40 678
40 915
41 278
41 354
41 497
41 545
41 588
41 628
41 669
41 749
41 949
41 950
42 153
42 316
42 432
42 483
42 768
43 388
43 395
43 811
43 831
43 891
43 918
44 210
44 420
44 711
44 743
44 772
44 808
45 99
45 191
45 238
45 439
45 608
45 613
45 679
45 751
45 942
46 178
46 590
46 773
46 935
47 57
47 131
47 194
47 422
47 574
47 638
47 797
47 835
48 91
48 163
48 205
48 231
48 398
48 574
48 765
49 110
49 193
49 433
49 874
50 52
50 544
50 648
50 863
51 355
51 378
51 420
51 521
51 606
51 700
51 748
51 844
51 893
51 974
52 95
52 619
52 724
52 815
52 969
53 105
53 195
53 368
53 903
54 702
55 86
55 169
55 406
55 456
55 517
55 549
55 568
55 843
55 863
55 944
56 108
56 357
56 817
56 822
56 842
57 145
57 408
57 688
57 967
58 79
58 132
58 141
58 388
58 410
58 463
58 763
58 774
58 799
59 335
59 520
59 598
59 757
59 805
60 192
60 193
60 268
60 274
60 275
60 404
60 655
60 783
60 899
61 171
61 433
61 518
61 686
61 948
62 98
62 133
62 816
63 281
63 516
63 790
64 263
64 273
64 586
64 613
64 650
64 713
64 740
64 762
64 910
65 312
65 425
65 525
65 841
65 927
66 470
66 551
66 569
66 585
66 749
67 255
67 299
67 474
67 803
68 283
68 455
68 513
68 634
68 704
68 713
68 817
68 992
69 95
69 126
69 180
69 331
69 337
69 892
70 127
70 137
70 203
70 236
70 467
70 561
70 643
71 193
71 391
71 418
71 483
71 748
72 197
72 464
72 467
72 610
72 652
72 707
72 989
73 216
73 480
73 567
73 707
73 766
73 933
73 937
74 452
74 639
74 694
75 214
75 278
75 509
75 811
75 850
75 923
75 986
76 124
76 194
76 222
76 264
76 463
76 490
76 493
76 606
76 641
76 710
76 797
77 213
77 473
77 521
77 693
77 769
77 925
78 293
78 435
78 620
78 672
78 761
79 440
79 847
79 893
80 579
80 969
81 215
81 433
81 520
81 692
81 715
81 882
82 175
82 419
82 569
82 907
82 991
83 268
83 619
83 634
83 700
84 196
84 259
84 386
84 413
84 465
84 904
85 195
85 256
85 321
85 669
85 825
85 937
85 951
86 207
86 285
87 138
87 216
87 323
87 684
87 746
87 950
88 114
88 132
88 310
88 377
88 469
88 575
88 903
89 155
89 156
89 158
89 276
89 369
89 560
89 563
89 645
89 712
89 863
89 930
90 326
90 476
90 477
90 741
90 921
91 617
91 850
91 919
91 948
92 205
92 229
92 340
92 733
93 577
93 580
93 619
93 726
93 912
93 934
94 629
94 635
94 689
94 798
95 144
95 361
95 463
95 511
95 638
95 687
95 956
96 234
96 494
96 640
96 690
96 987
97 357
97 406
97 539
97 578
98 246
98 350
98 550
98 657
98 708
98 717
99 360
100 306
100 508
100 536
100 756
100 802
100 851
100 907
100 972
100 986
101 201
101 359
101 679
101 871
101 965
102 486
103 157
103 188
103 769
103 821
104 527
104 705
104 718
104 754
104 880
105 463
105 553
105 611
105 733
106 149
106 168
106 181
106 303
106 355
106 572
106 658
106 665
106 763
106 883
107 181
107 188
107 227
107 438
107 662
107 846
108 544
108 633
108 639
108 727
108 816
109 294
109 308
109 522
109 778
109 792
109 887
110 283
110 358
110 514
110 582
110 612
110 805
111 310
111 370
112 345
112 538
112 556
112 694
113 120
113 167
113 183
113 253
113 391
113 488
113 564
113 969
114 144
114 166
114 213
114 502
114 535
114 841
115 186
115 408
115 824
116 291
116 569
116 626
117 160
117 255
117 671
118 291
118 300
118 322
118 570
118 912
118 943
118 946
119 290
119 505
119 658
119 700
119 997
120 354
120 403
120 637
120 665
120 959
120 967
121 183
121 350
121 451
121 525
121 588
121 741
121 928
121 978
122 179
122 216
122 915
123 168
123 264
123 544
123 752
123 827
123 834
124 265
124 593
124 599
124 649
125 371
125 464
125 541
125 868
126 302
126 457
126 657
126 809
126 931
127 183
127 190
127 249
127 340
127 349
127 652
127 717
127 852
127 907
128 179
128 184
128 411
128 528
128 567
128 639
129 149
129 321
129 323
129 784
129 931
130 203
130 541
130 546
130 572
130 637
130 828
130 939
131 181
131 732
132 139
132 225
132 235
132 328
132 596
132 889
132 927
133 203
133 216
133 418
133 595
133 645
133 746
133 764
133 874
133 883
134 599
134 672
135 165
135 377
135 510
135 522
135 576
135 712
135 715
135 791
135 828
135 829
136 153
136 156
136 301
136 324
136 401
136 513
136 535
136 708
137 324
137 329
137 472
137 481
137 783
137 847
138 251
138 769
138 911
139 223
139 275
139 396
139 413
140 265
140 276
140 500
140 917
141 241
141 344
141 486
141 745
141 834
142 193
142 294
142 390
142 417
142 483
142 588
142 607
142 753
142 772
142 870
143 502
143 660
144 151
144 200
144 233
144 368
144 428
144 989
145 267
145 330
145 824
145 971
146 348
146 474
146 489
146 516
146 563
146 681
146 707
146 885
146 911
147 550
147 772
147 854
147 929
148 189
148 496
148 525
148 816
149 656
149 721
149 843
149 848
149 877
149 988
150 190
150 258
150 555
150 577
150 850
150 952
151 271
151 322
151 406
151 705
151 807
152 169
152 431
152 564
152 660
152 691
152 812
152 858
152 914
152 952
153 494
153 508
153 597
153 732
153 786
153 811
154 383
154 454
154 497
154 617
154 731
154 773
154 864
154 890
155 204
155 338
155 405
155 476
155 711
155 722
155 814
155 892
155 943
156 768
156 876
156 932
156 992
157 478
157 485
157 566
157 653
158 221
158 472
158 489
158 668
158 679
158 773
158 777
158 782
158 814
158 824
159 269
159 291
159 294
159 358
159 402
159 539
159 762
159 817
159 818
159 839
160 248
160 561
160 570
160 592
160 610
160 656
160 748
160 851
161 188
161 479
161 493
161 506
161 647
162 260
162 699
162 862
162 894
162 996
163 824
163 839
164 215
164 369
164 376
164 447
164 575
164 608
165 286
165 326
165 334
165 347
165 452
165 832
165 913
166 396
167 677
167 686
167 700
167 702
167 755
168 639
168 904
169 231
169 546
170 208
170 225
170 686
171 299
171 392
171 548
172 455
172 456
172 543
172 703
173 201
173 341
173 505
173 600
174 325
174 930
174 973
175 620
175 706
175 799
175 948
175 999
176 460
176 647
176 875
176 908
177 254
177 295
177 362
177 447
177 725
178 370
178 454
178 514
178 905
178 997
179 181
179 209
179 558
179 669
179 780
179 990
180 707
180 955
181 223
181 356
181 375
181 746
181 786
181 802
181 870
181 907
181 972
182 314
182 361
182 744
183 241
183 369
183 383
183 522
183 557
184 290
184 847
184 873
185 530
185 636
185 719
185 729
185 826
185 858
185 972
186 586
186 768
186 805
186 831
186 878
186 947
186 992
187 425
187 554
187 603
187 605
187 688
187 769
187 945
188 197
188 886
189 267
189 297
189 532
189 536
189 584
189 731
189 937
190 280
190 302
190 480
190 923
190 984
191 255
191 505
191 507
191 590
191 591
191 649
191 699
191 851
191 857
191 882
192 333
192 416
192 476
192 836
193 284
193 484
193 587
193 722
193 770
194 339
194 887
195 219
195 245
195 364
195 887
196 246
196 272
196 655
196 691
196 962
196 984
197 356
197 441
197 536
197 619
197 799
198 313
198 360
198 819
199 460
199 735
199 811
200 385
200 486
200 910
200 915
200 943
201 777
201 874
202 258
202 568
202 781
202 861
203 393
203 441
203 589
203 649
203 772
204 211
204 275
204 357
204 593
204 779
204 795
204 860
205 508
205 572
205 692
206 211
206 318
206 442
206 563
206 767
206 815
206 887
206 937
206 956
207 433
207 587
207 757
207 933
208 259
208 543
209 316
209 360
209 363
209 739
209 837
209 959
210 234
210 259
210 389
210 498
210 820
211 320
211 522
211 753
212 301
212 781
212 875
212 952
213 247
213 369
213 504
213 714
213 755
214 423
214 654
214 687
214 704
215 243
215 384
215 627
215 658
216 572
216 787
216 860
216 877
216 942
217 424
217 612
217 796
217 941
218 425
218 603
219 717
219 805
219 966
220 307
220 348
220 496
220 556
220 594
220 697
220 723
221 281
222 239
222 358
222 507
222 971
223 412
223 531
223 592
223 802
224 525
224 534
225 777
225 857
225 935
226 370
226 414
226 564
226 637
226 654
228 279
228 399
228 529
228 536
228 720
228 795
228 927
229 348
229 391
229 509
229 672
229 924
230 238
230 359
230 711
230 740
230 841
231 234
231 293
231 889
231 904
232 261
232 326
232 724
232 728
233 368
233 684
233 953
234 358
234 499
234 709
235 241
235 362
235 374
235 390
235 628
235 715
235 772
236 259
236 368
237 309
237 743
238 294
239 281
239 946
240 629
240 721
240 899
241 407
241 868
241 874
241 885
242 379
242 406
242 664
242 928
243 246
243 379
243 439
243 663
243 665
243 804
243 961
244 340
244 624
244 625
245 331
245 427
245 447
245 524
245 870
245 993
246 477
246 497
246 958
247 298
247 373
247 574
247 577
247 669
248 426
248 529
248 635
248 922
249 569
249 748
249 874
249 938
249 960
250 272
250 304
250 636
250 753
250 812
251 340
251 587
251 662
251 712
251 789
251 803
251 929
252 445
252 548
252 558
252 577
252 705
253 830
254 598
254 623
254 740
255 434
255 482
255 529
255 593
255 937
256 486
256 697
257 410
257 498
257 543
257 586
258 372
258 397
258 836
258 962
259 278
259 384
259 579
259 645
259 697
259 949
260 266
260 274
260 328
260 446
260 732
260 852
261 330
261 506
262 272
262 754
262 761
263 457
264 565
264 913
265 612
265 613
265 639
265 869
266 515
266 522
266 683
266 898
267 517
267 769
267 913
267 941
267 977
268 441
268 655
268 972
269 315
269 468
269 505
269 709
269 867
270 446
270 570
270 732
270 798
271 419
271 454
271 749
271 925
272 364
272 401
272 847
273 284
273 597
273 704
273 714
274 405
274 712
274 801
275 766
276 336
276 631
276 678
276 917
277 427
277 617
277 927
278 341
278 488
278 610
278 642
278 666
279 451
279 536
279 587
279 670
279 778
279 816
280 322
280 463
280 874
280 889
281 319
281 678
281 897
282 304
282 336
282 416
282 614
282 935
283 331
283 365
283 557
283 672
283 681
283 736
283 873
284 436
284 641
285 414
285 457
285 495
285 647
285 649
285 674
285 889
286 425
286 480
286 484
286 614
286 690
286 711
286 779
286 878
287 331
287 481
287 603
287 923
288 322
288 396
288 495
288 823
288 977
289 312
289 386
289 790
289 800
289 901
289 905
289 908
289 926
289 957
290 585
290 720
290 779
290 805
291 751
292 328
292 351
292 550
292 611
292 909
292 994
293 357
293 405
293 575
293 919
294 372
294 532
294 762
295 395
295 526
295 543
295 890
296 302
296 420
296 458
296 487
296 751
296 871
297 377
297 486
297 568
297 807
298 854
299 448
299 994
300 332
300 442
300 469
300 607
300 747
300 943
300 961
301 474
301 489
301 741
301 835
302 919
302 945
303 311
303 801
303 838
303 948
304 499
304 734
304 741
304 821
304 855
304 896
305 379
305 455
305 753
305 963
305 974
306 340
306 440
306 597
306 643
306 683
306 726
306 804
307 367
307 625
307 785
308 324
308 349
308 636
308 642
308 679
308 768
308 843
308 895
308 922
309 324
309 334
309 701
309 794
309 966
309 978
310 540
310 644
310 712
310 755
310 801
310 898
311 367
311 406
311 619
311 773
311 793
312 365
312 701
312 712
313 399
313 599
313 621
313 722
313 859
313 902
314 519
314 587
314 701
314 870
315 493
315 829
315 954
316 335
316 702
316 707
316 840
317 623
317 701
317 710
317 804
317 877
317 894
317 970
318 564
318 717
318 920
319 384
319 827
319 851
320 530
320 798
320 900
321 398
321 431
321 435
321 553
321 921
322 564
322 600
322 735
322 744
322 864
322 939
323 430
323 968
324 464
324 549
324 761
325 412
325 604
325 783
325 923
325 997
326 688
326 880
327 531
327 563
327 736
328 392
328 407
328 661
328 735
328 844
329 335
330 333
330 415
330 434
330 447
330 538
330 737
330 781
330 909
331 722
331 877
331 944
332 584
332 845
333 804
333 866
334 487
334 510
334 833
334 889
334 969
335 585
335 669
335 696
335 996
336 405
336 420
336 871
336 923
337 354
337 609
337 618
337 762
338 353
338 431
338 688
338 740
338 837
338 894
338 963
339 425
339 430
339 682
339 862
339 935
340 449
340 806
340 963
341 350
341 351
341 466
341 471
341 518
341 710
341 816
342 345
342 448
342 554
342 625
343 463
343 868
343 988
344 499
344 807
344 886
345 660
346 475
346 791
347 357
347 491
347 515
347 543
347 555
347 856
347 978
348 395
348 483
348 942
349 431
349 436
349 519
349 744
349 838
349 840
349 982
350 545
350 575
350 936
351 427
351 468
351 623
351 763
352 359
352 428
353 531
353 542
353 666
353 711
353 728
353 909
353 924
353 925
354 618
354 690
354 827
354 924
355 398
355 412
355 496
355 933
356 368
356 485
356 674
357 410
357 535
357 553
357 744
357 873
357 958
358 415
358 447
358 491
358 520
358 541
358 687
358 895
359 736
359 742
359 870
359 970
360 888
360 922
361 445
361 971
362 734
363 375
363 732
363 784
363 811
364 909
365 632
365 786
365 850
365 916
365 966
366 517
366 667
366 681
366 685
366 847
367 625
367 677
367 795
368 381
368 683
368 795
368 847
368 943
369 543
369 616
370 748
370 798
370 977
371 543
371 555
371 586
371 653
371 737
372 437
372 459
372 486
372 536
372 567
373 411
373 674
373 680
373 860
374 396
374 594
374 624
374 659
374 924
375 385
375 401
375 592
375 753
375 879
375 961
376 527
376 589
376 669
376 734
376 864
376 912
377 381
377 454
377 527
377 730
378 545
378 741
378 959
379 550
379 799
380 419
380 532
380 537
380 601
380 637
380 709
380 778
380 872
381 480
381 546
381 641
381 708
381 770
381 787
381 897
381 936
382 656
382 678
383 458
383 587
383 666
383 850
383 856
384 867
385 527
385 539
385 605
385 829
386 401
386 520
386 538
386 566
387 532
387 637
387 708
388 587
388 904
389 413
389 426
389 430
389 465
389 794
389 933
390 424
390 622
390 813
390 986
391 482
391 541
391 587
391 715
391 764
391 861
391 982
392 419
392 759
392 850
393 649
393 654
393 803
393 883
394 440
394 542
394 649
394 767
395 599
395 778
395 843
396 581
396 816
396 879
396 981
397 502
397 557
397 729
398 581
398 968
399 567
399 652
399 694
399 918
399 939
399 968
400 417
400 488
400 697
400 751
400 896
401 546
401 558
401 979
402 413
402 723
402 784
403 438
403 799
403 938
404 473
404 486
404 507
404 779
404 875
405 445
405 760
405 819
405 822
405 906
405 972
406 582
406 766
406 774
406 940
406 979
407 416
407 467
407 631
407 710
407 822
407 940
407 944
407 985
408 765
408 874
408 985
409 454
409 463
409 563
409 978
410 731
412 567
412 613
412 767
412 971
413 463
413 584
413 854
413 953
414 464
414 882
414 951
415 814
416 608
416 761
416 774
416 792
416 964
417 553
417 579
419 607
419 706
419 712
419 832
419 968
420 536
421 497
421 705
422 531
422 827
422 972
423 458
423 707
423 872
423 877
423 892
423 944
424 700
424 776
424 779
424 854
424 890
425 872
426 662
426 708
426 785
426 797
427 739
427 789
427 881
428 440
428 522
428 525
428 551
428 589
428 682
428 792
428 941
429 608
429 766
430 456
430 699
430 942
431 504
431 742
431 825
432 503
432 539
432 662
432 732
433 700
433 874
433 943
433 946
435 582
435 639
435 771
435 810
435 829
436 663
436 823
436 847
436 973
437 508
437 514
437 518
437 863
437 882
437 913
438 457
438 690
438 861
438 938
439 510
439 518
440 479
440 504
440 547
441 539
441 794
442 598
442 663
442 687
443 549
443 657
443 684
443 745
443 748
444 544
444 758
444 977
444 980
445 632
447 657
447 750
447 847
447 968
448 452
448 595
448 727
448 742
448 920
449 471
449 560
449 669
449 958
450 783
450 808
450 922
451 488
451 676
451 894
452 476
452 506
453 562
453 582
453 721
453 743
453 763
453 787
453 821
454 583
454 603
454 651
454 999
455 884
455 915
456 776
457 538
457 628
458 885
458 937
459 556
459 682
459 713
459 779
460 715
460 785
460 902
461 571
461 637
461 706
461 882
461 911
462 500
462 664
462 714
462 799
463 602
463 748
463 841
463 955
463 956
464 945
465 691
465 701
466 809
466 818
466 866
467 675
467 734
467 771
468 511
468 729
469 587
469 621
469 672
469 856
469 876
470 479
470 495
471 802
472 575
472 801
473 958
474 641
474 813
474 855
475 613
475 638
475 682
475 849
476 560
476 660
477 667
477 749
477 915
477 992
478 705
478 726
478 795
478 902
480 876
480 911
481 681
484 630
484 888
485 638
485 789
485 800
485 981
486 589
486 601
486 903
487 628
487 678
487 791
487 867
488 680
488 882
489 577
489 640
489 673
489 845
489 846
490 575
490 743
490 905
491 578
491 643
491 793
491 879
492 788
492 897
493 543
493 560
493 677
493 695
493 701
493 704
493 722
494 503
494 511
495 567
495 577
495 680
495 818
495 848
496 853
497 612
497 624
497 740
497 750
497 801
497 975
498 571
498 603
498 605
498 683
498 826
499 553
499 731
499 918
499 988
500 663
501 512
501 753
501 949
502 554
502 565
502 722
502 896
503 661
504 591
504 699
504 989
505 578
505 662
505 882
506 586
506 613
507 743
507 779
507 811
508 628
509 564
509 783
509 785
509 802
510 580
510 887
510 979
511 516
511 546
511 620
511 906
512 913
512 919
513 635
513 979
513 989
514 643
514 781
514 786
514 963
515 597
515 874
515 954
516 546
516 579
516 860
516 893
516 894
516 974
517 843
517 951
518 740
518 895
519 679
519 805
520 617
520 998
522 565
522 697
522 748
522 800
523 818
524 580
524 584
524 624
525 687
525 690
525 800
525 965
526 597
526 829
527 780
527 830
528 583
528 668
528 795
528 845
528 953
529 739
529 839
530 757
530 976
531 568
531 705
531 713
531 792
531 800
531 954
533 610
533 741
534 589
534 613
534 639
534 858
535 785
535 826
536 673
536 675
536 695
536 712
536 813
536 837
536 944
537 599
537 817
538 622
538 912
539 603
539 751
539 887
540 754
540 806
540 931
540 997
541 554
541 607
541 635
541 694
541 843
542 645
542 872
543 796
544 555
544 710
544 777
544 904
545 591
545 594
545 673
545 780
545 954
546 680
546 778
547 665
547 673
547 752
547 814
547 843
548 589
548 610
548 943
548 950
549 596
549 663
549 724
549 899
550 622
550 667
550 713
551 645
552 612
552 642
552 669
552 709
552 934
553 603
553 769
554 606
554 785
555 574
555 620
555 756
555 841
555 886
555 906
556 883
556 900
558 934
559 726
559 782
559 811
559 870
560 784
560 951
560 971
561 611
561 772
561 824
562 654
562 787
562 949
563 593
563 640
563 834
564 644
564 796
564 799
565 704
565 862
565 932
566 943
567 712
567 749
568 659
568 802
569 599
569 747
569 758
570 625
570 696
570 762
570 794
571 581
571 734
572 680
572 784
572 843
572 858
572 942
572 986
573 652
573 915
574 736
574 975
575 584
575 949
575 972
576 751
577 881
577 995
578 611
579 612
579 979
580 833
580 852
580 867
580 885
580 950
580 966
581 763
581 770
581 825
581 892
582 702
582 729
583 822
583 921
583 965
584 847
585 671
585 916
585 983
586 650
586 757
586 851
586 895
587 798
587 807
589 672
589 864
589 933
590 594
590 768
590 856
590 969
591 595
591 708
591 950
592 606
592 869
594 670
594 871
594 972
595 838
595 951
595 998
596 757
596 794
597 604
597 610
597 762
597 931
598 677
598 997
599 692
599 797
599 807
599 994
601 613
601 998
602 634
602 718
602 918
602 979
603 696
603 719
603 758
603 768
604 616
605 633
605 675
605 779
605 875
605 952
605 960
605 971
607 712
607 829
608 691
609 873
610 920
611 957
611 979
612 782
613 764
614 669
614 792
614 800
615 953
615 981
616 633
616 848
616 960
618 723
619 854
620 799
620 841
621 773
621 846
622 635
622 858
622 893
623 646
623 686
623 861
623 921
623 933
624 717
625 671
625 759
626 635
626 689
626 814
626 878
627 738
627 824
628 737
628 852
628 861
628 925
629 801
629 927
630 742
630 775
630 988
631 686
631 763
631 953
632 858
632 908
632 944
633 896
633 898
633 989
634 897
635 848
635 853
636 716
636 955
637 659
637 710
638 758
638 846
638 960
639 664
639 815
639 827
639 899
640 852
641 759
641 957
642 753
642 789
642 795
642 812
642 834
642 935
642 946
642 973
643 653
645 672
645 721
645 810
645 852
646 822
646 953
647 728
647 740
647 964
648 969
649 768
649 996
650 655
650 670
650 710
650 733
651 784
651 995
652 808
652 902
654 768
654 782
654 956
656 840
656 926
656 960
657 838
658 961
659 919
660 676
660 798
660 896
660 914
663 734
663 845
664 830
665 828
665 973
665 988
666 765
666 809
667 674
667 735
667 984
668 783
669 675
670 729
670 806
670 869
670 875
671 958
672 748
672 862
673 887
674 799
674 848
675 771
676 766
676 781
676 972
677 806
677 816
677 864
677 895
678 807
678 823
680 989
681 839
681 858
681 907
682 843
682 861
682 946
683 867
684 822
685 857
688 690
688 921
688 990
689 730
689 765
689 787
689 871
689 923
690 792
690 987
691 785
691 871
691 885
693 735
693 789
693 836
694 882
695 883
696 916
697 955
698 795
698 911
699 841
700 842
700 971
701 765
702 933
703 933
703 950
704 864
705 839
706 815
706 890
706 940
706 961
707 778
708 889
709 896
709 946
710 723
710 743
710 858
711 946
712 768
712 875
714 727
714 860
715 883
715 887
716 725
716 875
717 987
718 971
719 814
719 861
719 863
720 957
721 724
721 742
722 750
722 937
722 997
723 901
723 912
724 743
724 918
725 833
726 807
726 952
727 859
728 781
728 857
728 961
730 783
731 831
732 909
732 942
732 982
732 991
733 875
733 934
733 937
734 840
734 856
735 899
736 757
736 859
736 982
741 856
741 971
743 940
744 937
745 845
745 892
746 934
747 923
747 979
747 990
749 823
749 865
749 972
749 974
751 752
751 960
752 790
752 841
753 760
754 875
754 878
755 848
755 955
755 990
756 783
756 812
756 845
756 998
758 793
759 777
759 814
759 963
760 990
761 838
761 849
761 988
763 772
763 913
764 775
767 871
768 778
769 886
770 857
771 971
771 987
773 787
773 792
773 929
773 944
775 837
776 934
777 970
778 889
779 849
779 854
779 929
780 986
781 958
781 972
783 846
783 898
783 902
783 936
783 967
784 964
785 875
785 878
786 817
787 829
788 933
788 998
789 983
790 873
790 917
791 813
791 936
791 948
792 797
792 837
792 844
793 822
793 956
794 965
794 999
795 835
795 935
795 948
795 982
801 911
802 844
802 977
803 850
804 970
807 855
807 997
808 861
808 975
808 997
809 827
809 982
810 980
811 866
811 934
812 962
812 992
813 952
815 970
816 975
816 976
817 843
817 862
818 923
818 996
818 999
822 888
822 935
822 961
822 993
823 950
823 995
824 838
825 839
825 843
826 906
827 863
827 893
828 929
828 986
830 859
830 886
832 885
832 903
834 947
835 940
836 900
836 972
839 924
839 999
840 983
841 879
842 864
842 916
842 979
846 975
846 976
848 958
849 915
849 953
849 980
850 891
850 929
850 980
851 865
851 887
851 894
851 912
851 931
851 991
854 877
855 900
855 917
856 863
856 919
856 940
856 949
857 917
857 990
858 951
859 907
859 917
861 933
862 933
864 872
866 952
867 907
867 913
870 884
873 923
873 953
874 965
875 936
877 931
877 986
878 925
879 963
882 970
883 914
883 933
883 997
886 928
888 958
890 945
894 966
896 944
897 920
899 955
900 951
901 907
904 920
904 938
905 929
905 944
906 912
909 915
911 962
912 936
914 993
916 946
917 931
924 971
933 977
934 987
941 972
941 995
945 980
950 983
958 977
958 999
960 967
963 985
970 997
972 982
976 978
981 992
