20 5
67 58 65 19
88 12 75 49
10 53 17 10
45 55 64 34
24 72 25 59
75 1 2 16
11 36 32 17
88 75 18 19
70 63 98 53
58 66 61 23
5 16 34 38
60 32 69 4
46 75 30 17
85 45 43 27
28 25 70 88
39 64 14 23
4 96 65 27
85 35 23 41
55 30 93 94
60 14 68 44
14 64 67 19 14
70 67 18 78 40
74 97 60 92 74
100 11 99 30 47
24 52 34 40 33
6 24 38 100 87
30 89 96 67 82
50 10 10 0 10
66 17 70 80 65
51 98 53 22 14
81 71 8 40 82
36 43 67 42 90
17 92 50 15 37
17 23 89 84 61
70 80 61 87 89
61 70 9 24 4
40 54 20 59 62
9 87 23 52 52
50 94 6 92 93
