5 20
49 71 53 58 18 27 43 5 10 31 89 65 47 24 98 1 16 56 99
80 34 89 52 1 43 24 13 30 16 68 27 90 55 79 43 28 2 45
22 60 85 74 13 97 98 73 76 23 22 90 90 78 81 36 39 44 80
17 34 37 75 18 72 52 27 97 95 85 31 92 55 2 15 76 10 42
16 84 18 77 33 42 33 52 42 91 24 82 71 65 49 100 31 29 49
57 74 24 33 91 93 29 28 35 16 52 28 83 4 50 69 2 3 47 40
78 50 62 23 63 30 95 40 15 85 24 63 71 96 33 50 74 73 26 100
44 96 24 38 26 3 71 32 51 93 7 83 8 99 61 26 97 39 100 51
91 88 43 44 74 9 89 92 100 65 40 53 58 25 64 13 76 18 2 21
