20 20
36 10 12 35 27 18 95 96 97 77 18 46 15 99 70 59 56 41 20
64 50 80 81 98 87 66 72 10 46 30 2 45 73 84 96 1 28 79
57 19 87 4 14 0 29 55 43 62 46 20 59 46 34 87 90 98 58
98 57 8 89 87 14 28 78 46 41 11 82 93 56 87 32 45 51 78
100 98 73 95 52 27 31 23 0 74 8 76 54 32 91 58 23 61 94
10 86 81 7 50 16 7 72 98 47 41 93 23 60 73 67 7 66 49
53 17 23 16 50 92 19 35 92 46 100 14 68 13 36 48 63 16 28
99 31 95 53 74 70 99 5 80 61 57 64 45 80 57 35 26 32 98
88 82 59 20 55 24 66 53 56 87 96 15 55 39 52 73 1 6 81
28 44 68 30 85 46 76 5 43 55 13 97 3 12 20 11 2 15 71
1 37 96 7 49 34 36 94 22 67 79 95 92 40 0 51 94 74 39
86 73 3 2 76 43 19 29 13 30 100 17 38 15 93 72 7 96 67
75 20 44 86 49 58 30 20 57 46 80 95 93 66 47 60 60 16 50
76 84 2 33 23 61 15 9 6 54 44 19 11 52 72 29 5 5 83
28 88 26 67 13 26 80 33 94 98 85 99 59 82 51 95 15 54 10
59 65 95 1 52 57 75 74 82 87 96 51 85 74 80 72 2 50 10
17 3 46 53 32 53 7 96 51 51 100 87 97 28 17 34 76 8 42
16 35 41 93 7 99 13 74 99 41 20 68 13 32 21 17 81 61 67
64 86 70 83 55 28 27 22 3 78 29 13 86 100 21 82 56 78 88
67 25 41 49 70 60 31 96 37 44 22 47 92 9 100 26 81 41 74
11 25 0 99 73 2 100 24 6 78 27 31 40 88 87 77 98 56 65 27
75 79 61 94 96 41 48 77 66 94 2 25 51 47 48 75 0 74 76 94
29 40 49 17 9 63 50 79 6 1 22 90 10 99 65 65 0 71 52 19
47 49 28 98 25 58 96 39 88 92 36 67 36 97 15 40 60 57 6 80
26 29 5 72 31 31 81 48 29 37 6 73 37 91 20 96 96 44 62 3
94 39 17 47 60 2 63 84 5 100 68 66 1 70 39 95 57 11 98 11
3 55 73 23 56 47 31 44 44 63 11 97 33 34 77 36 78 100 98 33
54 21 52 48 28 52 74 62 80 84 10 89 37 27 18 38 91 84 6 5
77 50 12 5 49 88 73 70 76 81 49 55 65 50 5 93 15 54 38 65
53 90 41 26 42 100 64 14 44 11 79 42 4 38 20 48 80 33 30 17
53 30 72 73 60 46 53 82 67 66 2 91 78 19 12 21 64 81 86 84
82 29 32 51 77 25 73 67 34 10 79 47 20 51 5 80 54 75 58 51
45 95 82 16 55 31 19 37 93 67 57 58 76 99 0 66 65 45 43 38
19 75 97 66 94 53 98 32 58 85 72 100 35 51 53 91 1 9 70 40
3 81 45 71 6 64 5 3 99 25 92 28 52 96 37 68 80 2 16 64
84 25 15 3 82 67 57 65 42 78 9 85 34 68 89 14 62 53 20 84
75 47 40 84 44 75 50 62 10 82 65 40 46 11 85 23 26 21 53 11
40 14 67 21 43 43 9 95 97 94 76 47 25 73 82 8 42 0 41 26
6 69 35 49 44 78 37 12 77 36 41 46 7 44 92 76 46 72 89 98
