20 20
43 3 92 2 92 3 92 2 18 5 63 1 100 2 50 0 50 3 89
25 72 52 83 74 39 54 37 87 56 87 9 81 44 40 50 55 29 28
7 20 18 2 45 56 27 1 7 81 29 43 9 97 42 30 67 21 50
92 91 86 51 40 39 59 95 43 69 62 28 68 91 9 26 80 29 38
37 95 1 1 22 62 72 19 71 28 56 89 1 93 3 75 46 28 46
42 20 71 64 50 53 19 84 90 39 8 14 3 38 52 12 43 0 83
93 42 31 39 2 61 35 5 52 77 95 94 94 5 88 89 53 21 98
14 26 43 86 80 67 43 32 43 20 22 7 100 24 6 66 11 2 46
70 23 47 71 98 6 68 78 50 20 86 68 45 16 32 71 62 67 13
87 19 93 57 34 31 84 24 54 83 92 15 38 72 48 92 83 41 64
63 73 39 9 6 2 12 64 53 89 68 95 68 74 95 17 73 93 76
91 70 19 27 100 51 9 52 65 51 4 1 79 45 2 95 80 34 14
42 85 24 17 65 32 38 28 73 77 62 62 17 19 24 52 10 40 15
36 87 21 75 69 83 59 54 44 50 36 71 18 62 90 18 18 42 23
50 97 72 95 76 27 43 33 34 33 45 55 51 63 95 37 36 99 91
96 4 88 79 48 64 0 69 30 53 20 37 64 83 24 8 81 4 14
44 14 90 69 78 47 16 4 77 75 53 15 14 41 56 24 64 45 78
69 1 25 83 87 18 82 62 23 92 39 98 40 84 32 5 79 36 72
63 82 97 80 86 44 57 65 48 25 13 4 67 96 35 93 4 54 23
2 28 3 27 4 9 3 11 1 56 5 9 4 65 1 63 0 75 2
4 84 0 1 0 84 4 38 3 87 5 26 2 53 1 83 0 6 1 28
2 75 4 61 5 44 0 76 3 27 1 36 5 97 2 45 2 39 5 90
5 29 5 51 4 54 0 98 1 72 2 40 5 78 1 88 3 10 1 60
4 46 0 68 2 45 1 43 5 70 4 92 1 27 0 65 3 30 3 53
0 14 1 73 3 38 3 41 5 60 5 43 4 53 3 50 0 61 0 26
5 41 3 16 2 28 4 53 4 57 2 85 3 44 3 57 5 12 0 95
4 44 1 2 2 81 5 11 2 60 1 43 1 10 3 65 3 31 3 82
0 47 4 39 3 69 0 75 5 90 1 43 2 32 1 28 5 82 2 11
1 44 4 31 0 10 4 57 4 38 2 99 1 89 2 61 0 81 0 98
4 5 2 50 2 24 3 13 5 48 4 55 2 19 3 97 2 96 3 82
2 19 1 51 4 91 3 5 3 22 5 11 2 97 4 24 3 58 3 87
0 89 0 56 5 41 4 99 2 82 3 83 4 41 0 34 1 12 5 5
3 13 5 61 2 43 1 41 0 100 4 43 0 17 0 56 2 91 0 82
1 83 2 33 2 62 5 40 4 53 2 78 3 22 2 60 4 29 2 51
1 69 1 54 0 78 3 5 4 69 2 68 5 22 4 28 5 94 5 51
4 47 5 26 1 27 4 76 1 6 0 95 4 49 2 61 3 32 0 87
5 34 1 65 3 78 5 19 1 100 5 15 5 36 2 74 2 40 1 92
5 83 5 66 1 25 0 54 2 82 0 4 5 96 2 97 0 21 5 13
0 81 5 25 5 45 5 71 4 90 0 70 0 59 1 53 3 44 2 5
