70
3 580
40 527
42 393
52 19
78 648
79 19
81 760
99 564
102 675
130 293
131 163
141 422
145 959
154 154
158 540
173 706
182 470
237 194
248 857
251 364
257 25
261 690
262 162
265 688
282 258
302 696
305 775
320 266
343 785
360 81
373 60
384 344
394 439
397 172
401 59
413 809
443 675
456 985
475 853
487 342
493 382
495 986
500 833
503 426
507 516
522 64
553 818
561 610
591 579
603 105
603 321
609 304
627 304
696 190
705 436
710 795
734 377
775 218
776 827
796 759
806 651
815 650
829 558
841 664
842 640
849 841
874 670
877 118
948 754
956 712
