1000
57788 34486
32011 60151
70343 11802
59838 17477
19398 90961
30423 85837
81276 66772
77977 12225
82939 30959
71078 65870
76102 4449
24549 82622
61876 81576
45227 91015
67513 19693
22574 36677
31960 90766
83242 92764
38970 12040
62508 64693
47244 73174
90740 26940
33593 47978
29583 68349
22316 45832
25743 77564
53557 83540
27426 67941
99547 41802
59664 7560
50864 31643
3598 87568
90490 7439
10452 93118
54423 80541
45438 59947
3233 63858
99157 44443
10683 31038
12845 62067
79705 51423
14213 47995
36233 18380
68361 30828
95984 32204
80639 12575
54400 82933
17266 89396
64801 55337
53620 79305
34822 57707
49148 57757
5768 91016
32889 83371
88057 22420
59469 89398
65814 868
65867 24557
44156 43742
87441 93501
43207 58392
17075 77771
25286 3229
32664 53198
94918 32025
30437 89597
40253 38160
71285 25157
37208 99400
27698 73257
82429 68570
58675 17849
20327 49881
39895 41441
51080 21709
73159 41494
24737 34241
65903 84637
8717 33108
91558 27462
15650 72910
20576 39212
51364 8237
6338 37613
32995 24872
60752 6779
60486 78106
52335 82059
44580 20969
27552 63139
19588 49826
66564 65531
95227 49016
94443 36157
86717 99868
92690 56974
76929 12479
77979 19327
29479 57374
24925 34929
46872 15865
83289 6751
81990 50306
27309 44837
20708 80672
67863 65446
70050 55870
22956 9897
67441 46492
72277 67197
72770 67078
8221 66018
48953 61858
56512 87125
59843 77298
72421 38002
64030 85940
83728 92448
152 29679
52201 52240
35291 7111
8635 89093
65678 26758
67501 97500
95963 1679
94041 322
86756 97056
88289 5864
46598 64138
21462 89170
36375 46807
92060 92062
3473 31492
47452 8563
77900 46059
23320 3670
27768 54801
12229 38737
25443 77971
71438 18225
54078 40296
75619 53942
39444 33725
57300 8859
37182 81485
38775 38742
50084 95083
79089 82793
19629 75725
70985 13228
6050 86001
24708 2872
124 52741
45559 74218
89069 73019
17581 43194
29412 48114
75413 2372
39195 49349
70338 63828
57873 60168
23982 32875
80940 8136
77126 15018
18658 72270
48850 92817
1111 47934
87280 64674
46473 95545
67534 65756
96912 38594
75689 39572
72023 59978
21303 29249
49724 68445
30661 37935
8525 4197
51394 98286
50123 49821
4634 33712
48237 75151
86122 5891
20888 26322
5465 47168
52768 9407
51709 79616
81715 6007
23061 71018
82541 94341
34092 99790
67340 35067
44379 49894
50925 53570
59664 44687
67828 85075
36542 24256
53874 30552
66877 11453
18784 90345
1116 36927
11226 16011
65649 96031
25609 42920
34756 68337
64533 85915
61543 84421
75713 4928
92615 1217
92213 36860
61729 89366
35599 75718
58692 51347
88702 23896
25167 97190
80445 84443
34921 85027
48755 32763
64889 85774
98954 19216
62618 58401
7029 62511
54691 89126
18626 70407
91931 3495
6855 73434
23818 71973
67900 75211
34863 76403
58569 8426
94175 77922
80290 5855
55961 63868
45526 16588
23772 9092
46686 66320
18569 17683
46576 76279
33265 18615
61882 39691
93950 24376
26095 48363
32023 15097
81556 83260
23759 25026
35061 36184
19509 24170
57985 29741
63627 38808
39298 27055
47159 59033
74825 98972
41996 43708
5233 20255
72478 94357
34033 40616
79970 94471
3766 43427
92621 19180
88123 58397
16067 42883
38877 39971
76534 99457
53744 99407
84739 40833
11520 63157
19563 73228
58370 57735
84039 82134
86209 9102
54415 89351
30171 51321
73112 3732
38289 653
12679 44275
1336 69361
3133 86125
16222 34059
51451 95650
59788 66312
63675 49463
48630 23761
12066 9513
77252 43158
89448 75064
60688 62588
90414 95166
70165 86213
55489 84672
26142 6589
45133 6671
94225 16867
80152 15290
35021 61786
82216 3174
26284 29195
78994 18125
41795 60640
70721 85414
79556 52257
45220 22510
76671 14530
6183 20978
97790 4388
92580 6547
19193 79788
99420 67372
98151 12108
18991 77178
56796 33781
30540 87950
510 51457
11936 33923
80748 10971
38416 1974
71074 13394
47938 99235
92063 98246
3102 30671
82040 95949
53764 95939
47728 28898
8694 68849
58578 32005
60033 80652
89443 11404
8140 25912
33317 46590
35102 41686
62142 46279
8206 974
83869 21934
8042 918
87122 62427
49085 96579
60543 42374
57816 42689
40359 27943
65399 89955
95073 7776
64643 62612
14287 76261
35518 93319
44776 16557
14320 90500
3109 12573
38486 16363
98665 19859
434 57799
89016 14488
93414 50669
60098 45867
62652 63939
16824 87208
26275 31381
41381 8394
9915 38670
73988 8651
99186 40387
84158 14904
9079 24234
27220 78388
82187 36544
28086 30951
52195 94082
55550 20608
464 26913
1992 16518
42090 12770
89395 89177
81794 17078
67892 41470
60421 48447
14237 83985
80174 94386
73213 82555
41805 25643
70371 34209
77574 99649
57199 5175
75200 67933
93698 27767
76872 98420
46848 54862
62262 65726
60858 98406
82864 92336
72365 36956
27428 15449
93346 32924
26721 76269
87189 44638
42897 5616
53382 44867
59546 24605
93259 90025
63019 93109
55212 1837
86242 63646
93830 22098
6439 70198
86250 67484
79521 42036
46571 49760
63091 31138
49474 59012
78536 70348
23993 42252
58556 62697
99307 67259
11522 92276
6394 51923
91134 14041
23049 17067
72101 9252
87094 14637
66473 65438
21247 84691
22109 11082
60055 29303
66971 42722
38386 1211
39652 81079
62206 8097
36967 31977
89809 10471
24387 56328
70964 29992
91918 2445
48725 86837
66242 47321
25498 42618
96078 64936
42672 86996
64156 61606
85831 12984
89671 78017
98395 49664
28438 15264
60220 2925
97576 75648
69794 84833
22191 14795
19688 52721
75201 91941
57516 44496
59331 98479
25814 65435
8026 18626
86191 45902
98809 14992
84746 31257
41103 8826
59078 25636
81557 36265
27546 65241
37602 53155
18877 53293
74150 32282
64796 37081
49353 84805
87031 80737
62998 22702
41201 23796
43050 92164
45733 76928
97195 94877
52267 89465
93923 40480
7712 68528
62315 30917
98581 717
34367 63154
58493 48875
46925 55484
58520 52481
85114 69172
28579 10016
4933 69198
84847 53037
26580 74223
37520 13206
96822 96961
88936 8935
13659 8843
18965 16111
57594 467
95351 38108
91475 78326
16691 17709
54097 89750
69345 73684
30693 91178
61438 77039
31826 19775
34920 19217
73284 96555
32831 67859
73961 46098
61232 36397
36153 31592
48435 78257
48713 23105
89792 34091
96735 56928
69635 1979
48670 85203
57830 94739
28955 92781
9716 62642
90932 79094
96515 62022
14133 68796
7594 18660
67308 27159
96394 29554
16293 8754
29898 86121
73034 58576
85848 24565
32524 20558
88567 39739
16608 99911
89350 67163
57196 60615
45389 33262
78253 12206
28084 12133
3982 48397
67140 29754
29600 15220
2347 73733
75812 6096
24541 13457
49251 53347
96360 36852
69570 26320
47096 97824
95564 16554
62028 87594
48403 24941
42164 22710
55467 20879
87421 67584
58047 21710
20867 50065
2307 51970
63466 20586
20537 4146
10255 20290
42806 56658
43164 67367
57732 44876
85612 74467
47537 72633
42680 84295
48510 61465
76056 4158
41937 31335
45457 45044
95477 95215
12110 46148
61336 73126
32987 80895
28048 3111
47691 68314
72588 78509
14173 41496
92923 98717
59226 74373
99845 78116
85491 61414
89445 99010
84520 2921
39639 62039
66894 92792
88911 2198
56330 43926
32053 8586
29611 62540
46852 51511
406 62720
96179 58494
60723 59035
21519 46053
84972 30230
62203 61350
3852 54710
60970 91168
38887 53640
88017 89180
61360 48573
76135 2258
98182 90426
834 62668
27976 7536
85652 17292
7414 11973
78133 11490
68920 47240
98840 24432
87803 97564
97110 38645
93345 8736
77367 85191
42069 22288
55473 23896
2809 9529
42579 71616
95560 62925
72027 83614
20495 73142
65831 95458
33693 39164
23533 97827
2468 2026
86436 91828
84096 33793
42552 42046
46238 38557
63274 29692
2790 37295
75699 85286
60904 63312
6397 42956
23221 26812
77216 66290
85295 28142
25620 67115
78853 11085
76967 53830
71287 70359
89928 93373
84320 9077
90479 90492
57063 86542
21895 83769
97089 62307
86183 82953
44518 70922
19603 19755
95768 71093
36983 14056
28639 80725
76844 89983
60560 86603
3441 12035
37956 16387
56296 24101
79377 96213
59384 82579
59712 72767
8386 59687
28755 70357
51333 90589
65496 4707
75314 70556
43455 49964
5149 15287
10491 13645
11545 86598
90911 30970
47622 83135
76615 88941
31034 13265
22240 24924
87064 8582
95052 48700
77544 9838
77733 26023
38567 33833
26889 81280
41191 24841
1887 86353
36826 22149
52877 23059
15888 73286
69437 42738
52411 79586
4707 80782
61621 63548
46545 6921
63245 60733
62792 3904
14563 43464
48888 48490
53921 53700
1847 58126
57848 34286
13773 29559
79540 66337
66738 52447
59035 32727
50243 92749
76879 91128
90536 16109
7819 25412
42558 13763
23504 79988
30518 73810
80447 99168
83818 8196
14532 9112
72121 50174
70114 88546
18785 59016
33333 62414
57100 40024
66756 90336
76611 53608
59436 8374
53508 65114
93594 32545
89259 95308
969 28777
50724 350
72479 17969
43051 38657
91587 59730
72399 3457
73899 3940
41443 60668
10558 11558
87452 65801
29607 90836
6311 50669
61663 29869
93662 87473
32614 31412
36509 76643
26167 51620
55213 58052
12304 88489
2919 30814
94390 89661
42766 76746
87183 88878
99939 98999
51960 74749
42133 36193
95318 11478
55013 21907
8258 73765
91938 71674
1130 19361
83876 1630
43976 46717
53912 2596
86811 13213
52935 49286
28398 97994
91226 68516
9851 4001
85490 9133
53399 62383
58710 71825
48346 36926
42742 73481
21382 1612
80643 81422
87104 32785
90667 52099
32490 34887
17467 99666
84562 74456
8122 59678
5929 10221
12112 8338
3715 70635
80209 92112
99448 49991
51427 1524
5748 10935
27290 19571
25899 28149
24007 7449
76759 76735
5482 43063
1526 3933
32201 24336
23908 90182
47117 56344
44934 7807
50383 56862
68030 82401
68961 73063
78698 6855
78955 92086
16600 87677
98827 9623
12364 75093
8982 5291
7474 39434
3497 20672
24809 84879
12287 57266
75923 21955
4636 14776
73732 28430
66764 24399
98232 31571
46434 64840
76715 22551
33661 24109
91530 1045
44060 95299
33280 35251
2036 51135
36589 67939
46248 59108
82549 74551
7852 18319
10092 92361
56444 13748
4957 34767
72844 97388
99675 89542
36427 76950
33802 60212
93508 68132
58929 55767
928 27760
19970 87600
79166 8432
96140 74880
6462 72515
12252 90430
12304 71137
33086 21015
61366 80743
62271 56526
28853 78400
34372 30366
5264 77572
95595 48004
91982 55468
80956 61403
78149 95425
84201 12644
45804 94281
65907 38053
35548 85514
27554 52230
95823 34323
44464 48814
31007 66764
86103 8701
42096 20359
2093 51381
33517 20837
30977 63106
91686 10380
74876 79279
32257 66334
63105 42050
72160 96812
30104 84525
85783 35135
97411 97109
57182 99429
25874 34762
89677 20574
4245 68557
9541 96168
34145 62874
53293 40341
44081 12111
74689 58509
80118 48401
67062 71071
55928 87524
72834 75822
28089 92408
34026 62158
61339 74277
42967 76979
35932 82827
69936 6964
11060 38071
1975 7880
54377 44254
78868 37264
16073 51272
90699 38988
24355 65719
89864 63311
99289 84064
42136 41444
45104 87143
41825 8729
73252 41084
60633 90751
31967 1015
64158 34976
70955 90484
96807 49979
60924 55468
63546 24365
44452 90761
92050 57293
52236 68991
71382 2218
81541 80436
51906 44031
74141 35985
65677 99534
35101 63719
26566 36385
16980 27341
70893 33202
2505 10127
79800 42531
18716 20202
18783 2287
65934 56229
80264 47325
12178 95938
79106 44082
22226 59255
56757 76795
16475 55219
86907 34866
74182 64803
62891 43882
28316 58507
61621 99693
65952 55378
1204 21815
84183 81826
22502 8816
98844 5973
13620 85916
60529 30965
11604 43749
44082 56684
31844 63418
47787 98720
37838 68540
72788 23852
94989 64614
321 36522
11317 80528
45222 69846
46738 71449
32559 47770
26455 20760
37463 5779
9780 15299
48432 6671
58223 22370
5787 4148
41249 31675
84587 89333
18019 23231
71553 96050
56332 84515
14745 5510
21566 348
96531 5923
41825 47492
88748 60661
68198 70351
45957 71339
70788 31848
36447 6219
93651 24232
38820 38010
93644 78579
18070 24401
5320 20621
58914 68974
16752 13117
44140 82628
1554 81912
42006 38417
59777 79672
68497 61989
66572 39214
77070 80090
88614 22618
68828 24730
88493 86271
70033 82340
88446 29616
73930 36829
6985 10517
81492 26152
4934 72885
50467 77426
53955 86461
2733 72525
90325 50967
16584 34424
92024 1014
57692 39563
99008 52884
65457 50925
29065 17876
5205 17603
29847 8751
89511 81941
